f= [200 400 600 800 1000 3000 6000 10000];